#                L  D  B  +  -  =  :  ,  ;  (  )  _  t  n  OTHER
    self.A = [ [ 2, 2, 3, 4, 2, 1, 2, 4, 4, 4, 4, 1, 3, 3, 1],
               [ 2, 2, 6, 6, 6, 6, 6, 6, 6, 6, 6, 2, 6, 6, 6],
               [ 6, 2, 6, 6, 6, 6, 6, 6, 6, 6, 6, 6, 6, 6, 6],
               [ 6, 6, 3, 6, 6, 6, 6, 6, 6, 6, 6, 6, 3, 3, 6],
               [ 6, 6, 6, 6, 2, 6, 6, 6, 6, 6, 6, 6, 6, 6, 6],
               [ 2, 2, 2, 2, 2, 2, 2, 2, 2, 2, 2, 2, 2, 4, 2],
               [ 1, 1, 1, 1, 1, 4, 1, 1, 1, 1, 1, 1, 1, 1, 1] ]



